1e+06 26882.6 28720.9
1.1e+06 29735.8 31305.5
1.2e+06 32483 33905.9
1.3e+06 35701.8 36520.8
1.4e+06 38976.6 39149.1
1.5e+06 41856.8 41789.8
1.6e+06 44451.2 44442.1
1.7e+06 46880.8 47105.3
1.8e+06 49162.6 49778.7
1.9e+06 52319.6 52461.8
2e+06 54250.6 55154.1
2.1e+06 57698.6 57855
2.2e+06 59571.8 60564.2
2.3e+06 62279 63281.4
2.4e+06 64711 66006.1
2.5e+06 68574.4 68738
2.6e+06 72543 71476.9
2.7e+06 75803.6 74222.5
2.8e+06 79250.4 76974.5
2.9e+06 82375.2 79732.8
3e+06 84869.4 82497
3.1e+06 87943.8 85267.1
3.2e+06 90477 88042.7
3.3e+06 91949.8 90823.8
3.4e+06 95759.6 93610.2
3.5e+06 97755 96401.6
3.6e+06 99503.2 99198.1
3.7e+06 103248 101999
3.8e+06 104746 104805
3.9e+06 108371 107616
4e+06 110146 110431
4.1e+06 113279 113250
4.2e+06 115488 116074
4.3e+06 118092 118902
4.4e+06 120502 121733
4.5e+06 123710 124569
4.6e+06 127357 127409
4.7e+06 127664 130252
4.8e+06 130775 133099
4.9e+06 134443 135950
5e+06 138331 138804
