100 4603 5926.15
120 2196 4919.48
140 3514 4409.57
160 5409 4517.8
180 7682 5365.57
200 13153 7074.25
220 14122 9765.24
240 18112 13559.9
260 23091 18579.7
280 28951 24945.9
300 35641 32780
320 43408 42203.4
340 52224 53337.4
360 62566 66303.4
380 76498 81222.8
400 86235 98217
420 106090 117407
440 139042 138915
460 156235 162862
480 165985 189370
500 202067 218559
520 231113 250551
540 263502 285468
560 312887 323430
580 371921 364560
600 462832 408979
620 502344 456807
640 547600 508168
660 546422 563181
680 616372 621968
700 659568 684651
720 842735 751350
740 815450 822189
760 972969 897287
780 933999 976766
800 1.01641e+06 1.06075e+06
820 1.114e+06 1.14935e+06
840 1.20916e+06 1.2427e+06
860 1.31893e+06 1.34092e+06
880 1.42229e+06 1.44413e+06
900 1.55787e+06 1.55244e+06
920 1.6452e+06 1.66599e+06
940 1.86429e+06 1.78489e+06
960 1.87315e+06 1.90926e+06
980 1.99572e+06 2.03923e+06
1000 2.2366e+06 2.17491e+06
